{
 "cells": [
  {
   "cell_type": "markdown",
   "metadata": {},
   "source": [
    "## 100 numpy exercise を実際にやってみる"
   ]
  },
  {
   "cell_type": "code",
   "execution_count": 92,
   "metadata": {},
   "outputs": [
    {
     "name": "stdout",
     "output_type": "stream",
     "text": [
      "2:\n",
      " 1.11.1\n",
      "openblas_lapack_info:\n",
      "  NOT AVAILABLE\n",
      "blas_opt_info:\n",
      "    include_dirs = ['C:\\\\Minonda\\\\envs\\\\_build\\\\Library\\\\include']\n",
      "    libraries = ['mkl_core_dll', 'mkl_intel_lp64_dll', 'mkl_intel_thread_dll']\n",
      "    define_macros = [('SCIPY_MKL_H', None), ('HAVE_CBLAS', None)]\n",
      "    library_dirs = ['C:\\\\Minonda\\\\envs\\\\_build\\\\Library\\\\lib']\n",
      "blas_mkl_info:\n",
      "    include_dirs = ['C:\\\\Minonda\\\\envs\\\\_build\\\\Library\\\\include']\n",
      "    libraries = ['mkl_core_dll', 'mkl_intel_lp64_dll', 'mkl_intel_thread_dll']\n",
      "    define_macros = [('SCIPY_MKL_H', None), ('HAVE_CBLAS', None)]\n",
      "    library_dirs = ['C:\\\\Minonda\\\\envs\\\\_build\\\\Library\\\\lib']\n",
      "mkl_info:\n",
      "    include_dirs = ['C:\\\\Minonda\\\\envs\\\\_build\\\\Library\\\\include']\n",
      "    libraries = ['mkl_core_dll', 'mkl_intel_lp64_dll', 'mkl_intel_thread_dll']\n",
      "    define_macros = [('SCIPY_MKL_H', None), ('HAVE_CBLAS', None)]\n",
      "    library_dirs = ['C:\\\\Minonda\\\\envs\\\\_build\\\\Library\\\\lib']\n",
      "lapack_mkl_info:\n",
      "    include_dirs = ['C:\\\\Minonda\\\\envs\\\\_build\\\\Library\\\\include']\n",
      "    libraries = ['mkl_lapack95_lp64', 'mkl_core_dll', 'mkl_intel_lp64_dll', 'mkl_intel_thread_dll']\n",
      "    define_macros = [('SCIPY_MKL_H', None), ('HAVE_CBLAS', None)]\n",
      "    library_dirs = ['C:\\\\Minonda\\\\envs\\\\_build\\\\Library\\\\lib']\n",
      "lapack_opt_info:\n",
      "    include_dirs = ['C:\\\\Minonda\\\\envs\\\\_build\\\\Library\\\\include']\n",
      "    libraries = ['mkl_lapack95_lp64', 'mkl_core_dll', 'mkl_intel_lp64_dll', 'mkl_intel_thread_dll']\n",
      "    define_macros = [('SCIPY_MKL_H', None), ('HAVE_CBLAS', None)]\n",
      "    library_dirs = ['C:\\\\Minonda\\\\envs\\\\_build\\\\Library\\\\lib']\n"
     ]
    }
   ],
   "source": [
    "# 1. 読み込み\n",
    "import numpy as np\n",
    "# 2. バージョンとコンフィグの確認\n",
    "print(\"2:\\n\",np.__version__)\n",
    "np.show_config()"
   ]
  },
  {
   "cell_type": "code",
   "execution_count": 93,
   "metadata": {},
   "outputs": [
    {
     "name": "stdout",
     "output_type": "stream",
     "text": [
      "3:\n",
      " [ 0.  0.  0.  0.  0.  0.  0.  0.  0.  0.]\n",
      "4: 80\n",
      "6:\n",
      " [ 0.  0.  0.  0.  1.  0.  0.  0.  0.  0.]\n",
      "7:\n",
      " [10 11 12 13 14 15 16 17 18 19 20 21 22 23 24 25 26 27 28 29 30 31 32 33 34\n",
      " 35 36 37 38 39 40 41 42 43 44 45 46 47 48 49]\n",
      "8:\n",
      " [49 48 47 46 45 44 43 42 41 40 39 38 37 36 35 34 33 32 31 30 29 28 27 26 25\n",
      " 24 23 22 21 20 19 18 17 16 15 14 13 12 11 10]\n",
      "9:\n",
      " [[0 1 2]\n",
      " [3 4 5]\n",
      " [6 7 8]]\n",
      "10:\n",
      " [1, 2, 4]\n",
      "10:\n",
      " (array([0, 1, 4], dtype=int64),)\n",
      "11:\n",
      " [[ 1.  0.  0.]\n",
      " [ 0.  1.  0.]\n",
      " [ 0.  0.  1.]]\n",
      "11:\n",
      " [[ 1.  0.  0.]\n",
      " [ 0.  1.  0.]\n",
      " [ 0.  0.  1.]]\n",
      "12:\n",
      " [[[ 0.91618022  0.48931849  0.08745434]\n",
      "  [ 0.43850921  0.70384563  0.87525467]\n",
      "  [ 0.99291867  0.13650006  0.37122659]]\n",
      "\n",
      " [[ 0.72861529  0.07841201  0.4305913 ]\n",
      "  [ 0.83348395  0.61879131  0.17332209]\n",
      "  [ 0.96673959  0.6003669   0.36313724]]\n",
      "\n",
      " [[ 0.49511295  0.52185943  0.76325218]\n",
      "  [ 0.63367539  0.36681963  0.34302854]\n",
      "  [ 0.67441809  0.25902874  0.14086399]]]\n",
      "13: min:0.005605751017701777, max:0.9920108090163369\n",
      "14: mean :\n",
      " 0.425400424509\n",
      "15:\n",
      " [[ 1.  1.  1.  1.]\n",
      " [ 1.  0.  0.  1.]\n",
      " [ 1.  0.  0.  1.]\n",
      " [ 1.  1.  1.  1.]]\n",
      "15:\n",
      " [[ 1.  1.  1.  1.]\n",
      " [ 1.  0.  0.  1.]\n",
      " [ 1.  0.  0.  1.]\n",
      " [ 1.  1.  1.  1.]]\n",
      "16:\n",
      " [[ 0.  0.  0.  0.  0.  0.]\n",
      " [ 0.  1.  1.  1.  1.  0.]\n",
      " [ 0.  1.  1.  1.  1.  0.]\n",
      " [ 0.  1.  1.  1.  1.  0.]\n",
      " [ 0.  1.  1.  1.  1.  0.]\n",
      " [ 0.  0.  0.  0.  0.  0.]]\n"
     ]
    }
   ],
   "source": [
    "# 3. サイズ10の0ベクトルを作る\n",
    "a3 = np.zeros(10)\n",
    "print(\"3:\\n\",a3)\n",
    "# 4. 配列のメモリサイズを確認する\n",
    "print(\"4: {}\".format(a3.size*a3.itemsize))\n",
    "# 6. サイズが10で5番目の値だけ1の配列を作る\n",
    "a6 = np.zeros(10)\n",
    "a6[4] = 1\n",
    "print(\"6:\\n\",a6)\n",
    "# 7. 値が10から49まで順に並んだ配列を作る\n",
    "a7 = np.arange(10,50)\n",
    "print(\"7:\\n\",a7)\n",
    "# 8. 配列の値をひっくり返す\n",
    "a8 = a7[::-1]\n",
    "print(\"8:\\n\",a8)\n",
    "# 9. それぞれ0~8まで入った3×3の行列を作る\n",
    "A9 = np.arange(0,9).reshape(3,3)\n",
    "print(\"9:\\n\",A9)\n",
    "\n",
    "# 10. [1,2,0,0,4,0]から0じゃない箇所を見つける\n",
    "tmp = np.array([1,2,0,0,4,0])\n",
    "# 自分の回答\n",
    "index = []\n",
    "for i, el in enumerate(tmp):\n",
    "    if el != 0:\n",
    "        index.append(el)\n",
    "print(\"10:\\n\", index)\n",
    "# 模範解答\n",
    "nz = np.nonzero(tmp)\n",
    "print(\"10:\\n\",nz)\n",
    "# 11. 3×3の単位行列をつくる\n",
    "# 自分の回答\n",
    "A11 = np.zeros((3,3))\n",
    "for i in range(3):\n",
    "    A11[i][i] = 1\n",
    "print(\"11:\\n\", A11)\n",
    "# 模範解答\n",
    "A11 = np.eye(3)\n",
    "print(\"11:\\n\", A11)\n",
    "\n",
    "# 12. 3×3×3の乱数行列を作る\n",
    "A12 = np.random.random((3,3,3))\n",
    "print(\"12:\\n\", A12)\n",
    "\n",
    "# 13 10×10の乱数行列を作って、最大値と最小値を見つける\n",
    "A13 = np.random.random((10,10))\n",
    "print(\"13: min:{}, max:{}\".format(A13.min(), A13.max()))\n",
    "\n",
    "# 14 サイズ30の乱数ベクトルを作って平均値を出す\n",
    "a14 = np.random.random(30)\n",
    "print(\"14: mean :\\n\",a14.mean())\n",
    "\n",
    "# 15 境界が1で、中身が0の2次元配列をつくる\n",
    "# 自分の回答\n",
    "N = 4\n",
    "A15 = np.zeros((N,N))\n",
    "A15[0,:] = 1\n",
    "A15[-1,:] = 1\n",
    "A15[:,0] = 1\n",
    "A15[:,-1] = 1\n",
    "print(\"15:\\n\", A15)\n",
    "#模範解答\n",
    "A15 = np.ones((N,N))\n",
    "A15[1:-1,1:-1] = 0\n",
    "print(\"15:\\n\", A15)\n",
    "\n",
    "# 16. 今ある配列に、0で埋めた境界を作る\n",
    "A16 = np.ones((N,N))\n",
    "A16 = np.pad(A16, pad_width=1, mode='constant', constant_values=0)\n",
    "print(\"16:\\n\", A16)"
   ]
  },
  {
   "cell_type": "code",
   "execution_count": 95,
   "metadata": {},
   "outputs": [
    {
     "name": "stdout",
     "output_type": "stream",
     "text": [
      "17;\n",
      "nan\n",
      "False\n",
      "False\n",
      "nan\n",
      "False\n"
     ]
    }
   ],
   "source": [
    "# 17. 下記の結果はどうなる？\n",
    "print(\"17;\")\n",
    "print(0 * np.nan)\n",
    "print(np.nan == np.nan)\n",
    "print(np.inf > np.nan)\n",
    "print(np.nan - np.nan)\n",
    "print(0.3 == 3 * 0.1)"
   ]
  },
  {
   "cell_type": "code",
   "execution_count": 96,
   "metadata": {},
   "outputs": [
    {
     "name": "stdout",
     "output_type": "stream",
     "text": [
      "18:\n",
      " [[ 0.  0.  0.  0.  0.]\n",
      " [ 1.  0.  0.  0.  0.]\n",
      " [ 0.  2.  0.  0.  0.]\n",
      " [ 0.  0.  3.  0.  0.]\n",
      " [ 0.  0.  0.  4.  0.]]\n",
      "18:\n",
      " [[0 0 0 0 0]\n",
      " [1 0 0 0 0]\n",
      " [0 2 0 0 0]\n",
      " [0 0 3 0 0]\n",
      " [0 0 0 4 0]]\n",
      "19:\n",
      " [[ 0.  0.  0.  0.  0.  0.  0.  0.]\n",
      " [ 1.  0.  1.  0.  1.  0.  1.  0.]\n",
      " [ 0.  0.  0.  0.  0.  0.  0.  0.]\n",
      " [ 1.  0.  1.  0.  1.  0.  1.  0.]\n",
      " [ 0.  0.  0.  0.  0.  0.  0.  0.]\n",
      " [ 1.  0.  1.  0.  1.  0.  1.  0.]\n",
      " [ 0.  0.  0.  0.  0.  0.  0.  0.]\n",
      " [ 1.  0.  1.  0.  1.  0.  1.  0.]]\n",
      "20:\n",
      " (1, 5, 4)\n",
      "21:\n",
      " [[0 1 0 1 0 1 0 1]\n",
      " [1 0 1 0 1 0 1 0]\n",
      " [0 1 0 1 0 1 0 1]\n",
      " [1 0 1 0 1 0 1 0]\n",
      " [0 1 0 1 0 1 0 1]\n",
      " [1 0 1 0 1 0 1 0]\n",
      " [0 1 0 1 0 1 0 1]\n",
      " [1 0 1 0 1 0 1 0]]\n"
     ]
    }
   ],
   "source": [
    "# 18. 5×5の行列を作って、対角成分の一つ下だけ1,2,3,4で埋める\n",
    "# 自分の回答\n",
    "A18 = np.zeros((5,5))\n",
    "for i in range(1,5):\n",
    "    A18[i][i-1] = i\n",
    "print(\"18:\\n\",A18)\n",
    "# 模範解答\n",
    "A18 = np.diag(1+np.arange(4),k=-1)\n",
    "print(\"18:\\n\",A18)\n",
    "# 19. 8×8の行列を作り、チェッカーボードパターンを作る\n",
    "A19 = np.zeros((8,8))\n",
    "A19[1::2,::2] = 1\n",
    "# A19[::2,1::2] = 1\n",
    "print(\"19:\\n\", A19)\n",
    "# 20. (6,7,8)の配列で、インデックス(x,y,z)における100番目の要素は？\n",
    "print(\"20:\\n\",np.unravel_index(100,(6,7,8)))\n",
    "# 21. tile functionを使って8×8のチェッカーボードパターンを作る\n",
    "A21 = np.tile(np.array([[0,1],[1,0]]),(4,4))\n",
    "print(\"21:\\n\", A21)"
   ]
  },
  {
   "cell_type": "code",
   "execution_count": 187,
   "metadata": {},
   "outputs": [
    {
     "name": "stdout",
     "output_type": "stream",
     "text": [
      "22:\n",
      " [[ 0.46040708  0.60243909  0.13287689  0.53072832  1.        ]\n",
      " [ 0.          0.66434133  0.77137762  0.18876591  0.42399966]\n",
      " [ 0.09759486  0.07121624  0.57746737  0.88507219  0.47221302]\n",
      " [ 0.54660799  0.43114544  0.78649443  0.71106225  0.48850214]\n",
      " [ 0.02885411  0.83854647  0.35975913  0.83940063  0.39800443]]\n",
      "23:\n",
      " [('r', 'u1'), ('g', 'u1'), ('b', 'u1'), ('a', 'u1')]\n",
      "24:\n",
      " [[ 10  13]\n",
      " [ 28  40]\n",
      " [ 46  67]\n",
      " [ 64  94]\n",
      " [ 82 121]]\n",
      "24:\n",
      " [[ 10  13]\n",
      " [ 28  40]\n",
      " [ 46  67]\n",
      " [ 64  94]\n",
      " [ 82 121]]\n",
      "25:\n",
      " [ 0  1  2  3 -4 -5 -6 -7 -8  9 10 11 12 13 14]\n",
      "26:\n",
      "10\n",
      "a27:\n",
      " [0 1 2 3 4]\n",
      "[  1   1   4  27 256]\n",
      "[0 1 2 4 8]\n",
      "[False False False False False]\n",
      "[ 0.+0.j  0.+1.j  0.+2.j  0.+3.j  0.+4.j]\n",
      "[ 0.  1.  2.  3.  4.]\n",
      "28:\n",
      "nan\n",
      "0\n",
      "[ -2.14748365e+09]\n",
      "29:\n",
      "[ 8.7081472  -0.90801661  1.08439237 -8.86407971 -6.87943859  8.21560051\n",
      "  0.69206394  2.11392746  2.70739731 -7.0265742 ]\n",
      "[ 9. -1.  2. -9. -7.  9.  1.  3.  3. -8.]\n",
      "[ 9. -1.  2. -9. -7.  9.  1.  3.  3. -8.]\n",
      "30:\n",
      " [0 2 4 6 8]\n",
      "32:\n",
      "nan\n"
     ]
    }
   ],
   "source": [
    "# 22.5×5の乱数行列を正規化する\n",
    "A22 = np.random.random((5,5))\n",
    "minimum, maximum = A22.min(), A22.max()\n",
    "print(\"22:\\n\",(A22-minimum)/(maximum-minimum))\n",
    "# 23. 8ビット整数(ubyte)を使って色を記述するdtypeを作る\n",
    "color = np.dtype([(\"r\", np.ubyte, 1),\n",
    "                  (\"g\", np.ubyte, 1),\n",
    "                  (\"b\", np.ubyte, 1),\n",
    "                  (\"a\", np.ubyte, 1)])\n",
    "print(\"23:\\n\",color)\n",
    "# 24. 5×3の行列と3×2の行列を掛け合わせる(実数)\n",
    "A24 = np.arange(0,15).reshape(5,3)\n",
    "B24 = np.arange(0,6).reshape(3,2)\n",
    "print(\"24:\\n\",np.dot(A24,B24))\n",
    "# その他の回答\n",
    "print(\"24:\\n\",A24@B24)\n",
    "# 25. 1次元配列で、3以上8以下の値は負値にする\n",
    "a25 = np.arange(15)\n",
    "a25[(a25>3)&(a25<=8)] *= -1\n",
    "print(\"25:\\n\",a25)\n",
    "\n",
    "# 26. numpy有無でのsum()の結果はわかる？\n",
    "print(\"26:\")\n",
    "# print(sum(range(5),-1))　#9\n",
    "from numpy import *\n",
    "print(sum(range(5),-1)) #10\n",
    "\n",
    "# 27. 整数ベクトルのなかでどの記述が間違っている？\n",
    "a27 = np.arange(5)\n",
    "print(\"a27:\\n\",a27)\n",
    "print(a27**a27)#行列の要素^(行列の要素)\n",
    "print(2 << a27 >> 2)#シフト？\n",
    "print(a27 <- a27)\n",
    "print(1j*a27) #複素数\n",
    "print(a27/1/1)\n",
    "\n",
    "# print(Z<Z>Z) The truth value of an array with more than one element is ambiguous. Use a.any() or a.all()\n",
    "\n",
    "# 28 次の結果を予想しなさい\n",
    "print(\"28:\")\n",
    "print(np.array(0) / np.array(0))\n",
    "print(np.array(0) // np.array(0)) #a//b : 切り捨て除算\n",
    "print(np.array([np.nan]).astype(int).astype(float))\n",
    "\n",
    "# 29 小数点以下切り上げの配列に変える\n",
    "a29 = np.random.uniform(-10,10,10) #-10から10のサイズ10の一様乱数\n",
    "print(\"29:\")\n",
    "print(a29)\n",
    "# 自分の回答\n",
    "for i,el in enumerate(a29):\n",
    "    if el < 0:\n",
    "        a29[i] = np.floor(el)\n",
    "    else:\n",
    "        a29[i] = np.ceil(el)\n",
    "print(a29)\n",
    "# 模範解答 copysignってのがあるのか\n",
    "print (np.copysign(np.ceil(np.abs(a29)), a29))\n",
    "\n",
    "# 30. 2つの配列の中から同じ値を見つける\n",
    "# intersectを使う\n",
    "a30_1 = np.arange(0,10)\n",
    "a30_2 = np.arange(0,20,2)\n",
    "print(\"30:\\n\",np.intersect1d(a30_1,a30_2))\n",
    "\n",
    "# 31. numpyのwarningを無視する\n",
    "env = np.seterr(all=\"ignore\") #無視\n",
    "np.seterr(**env) #戻す\n",
    "#32.np.sqrtとnp.emath.sqrtの違い\n",
    "# emathをいれると複素数まで拡張される\n",
    "print(\"32:\")\n",
    "print(np.sqrt(-1))\n",
    "print(np.emath.sqrt(-1))"
   ]
  },
  {
   "cell_type": "code",
   "execution_count": 204,
   "metadata": {},
   "outputs": [
    {
     "name": "stdout",
     "output_type": "stream",
     "text": [
      "34:\n",
      " ['2016-07-01' '2016-07-02' '2016-07-03' '2016-07-04' '2016-07-05'\n",
      " '2016-07-06' '2016-07-07' '2016-07-08' '2016-07-09' '2016-07-10'\n",
      " '2016-07-11' '2016-07-12' '2016-07-13' '2016-07-14' '2016-07-15'\n",
      " '2016-07-16' '2016-07-17' '2016-07-18' '2016-07-19' '2016-07-20'\n",
      " '2016-07-21' '2016-07-22' '2016-07-23' '2016-07-24' '2016-07-25'\n",
      " '2016-07-26' '2016-07-27' '2016-07-28' '2016-07-29' '2016-07-30'\n",
      " '2016-07-31']\n",
      "<class 'numpy.datetime64'>\n",
      "35:\n",
      " [ 1.5  1.5  1.5  1.5  1.5]\n"
     ]
    }
   ],
   "source": [
    "# 33. 昨日、今日、明日の日付\n",
    "# datetimeで良くない？\n",
    "# datetime64型なのね\n",
    "yesterday = np.datetime64('today', 'D') - np.timedelta64(1, 'D')\n",
    "today     = np.datetime64('today', 'D')\n",
    "tomorrow  = np.datetime64('today', 'D') + np.timedelta64(1, 'D')\n",
    "# 34. 2016年7月の配列\n",
    "a34 = np.arange('2016-07', '2016-08', dtype='datetime64[D]')\n",
    "print(\"34:\\n\",a34)\n",
    "print(type(a34[0]))\n",
    "# 35 ((A+B)*(-A/2))をコピーなしで計算\n",
    "a35 = np.ones(5)\n",
    "b35 = np.ones(5)*2\n",
    "np.add(a35, b35, out=b35)\n",
    "np.divide(a35,2,out=a35)\n",
    "c35= np.multiply(a35,b35,out=a35)\n",
    "print(\"35:\\n\",c35)"
   ]
  },
  {
   "cell_type": "code",
   "execution_count": 237,
   "metadata": {},
   "outputs": [
    {
     "name": "stdout",
     "output_type": "stream",
     "text": [
      "36:\n",
      "[ 5.  7.  5.  8.  4.  9.  2.  6.  3.  2.]\n",
      "[ 5.  7.  5.  8.  4.  9.  2.  6.  3.  2.]\n",
      "[ 5.  7.  5.  8.  4.  9.  2.  6.  3.  2.]\n",
      "[ 5.  7.  5.  8.  4.  9.  2.  6.  3.  2.]\n",
      "[ 5.  7.  5.  8.  4.  9.  2.  6.  3.  2.]\n",
      "[ 5.  7.  5.  8.  4.  9.  2.  6.  3.  2.]\n",
      "37:\n",
      " [[ 0.  1.  2.  3.  4.]\n",
      " [ 0.  1.  2.  3.  4.]\n",
      " [ 0.  1.  2.  3.  4.]\n",
      " [ 0.  1.  2.  3.  4.]\n",
      " [ 0.  1.  2.  3.  4.]]\n",
      "38:\n",
      " [ 0.  1.  2.  3.  4.  5.  6.  7.  8.  9.]\n",
      "39:\n",
      " [ 0.09090909  0.18181818  0.27272727  0.36363636  0.45454545  0.54545455\n",
      "  0.63636364  0.72727273  0.81818182  0.90909091]\n",
      "40:\n",
      "[ 0.22006689  0.55178619  0.63263176  0.8987876   0.359807    0.50134362\n",
      "  0.88579329  0.22264231  0.83544229  0.30953192]\n",
      "[ 0.22006689  0.22264231  0.30953192  0.359807    0.50134362  0.55178619\n",
      "  0.63263176  0.83544229  0.88579329  0.8987876 ]\n"
     ]
    }
   ],
   "source": [
    "# 36. 乱数行列の整数部分だけ取り出すやつ5種類\n",
    "Z = np.random.uniform(0,10,10)\n",
    "print(\"36:\")\n",
    "print(Z - Z%1) #余りを引く\n",
    "print(np.floor(Z)) # 切り捨ての関数\n",
    "print(np.ceil(Z)-1) # 切り上げて1を引く\n",
    "print(Z.astype(int).astype(float)) #整数にしちゃう\n",
    "print(np.trunc(Z)) #整数部だけ取り出す\n",
    "print(Z//1) # 切り捨て演算子\n",
    "\n",
    "# 37. 行の値が[0,1,2,3,4]となる、5×5の行列\n",
    "a37 = np.zeros((5,5))\n",
    "a37 += np.arange(5)\n",
    "print(\"37:\\n\",a37)\n",
    "\n",
    "# 38. ジェネレータを使って0から9までの配列を作る\n",
    "# https://docs.scipy.org/doc/numpy-1.13.0/reference/generated/numpy.fromiter.html\n",
    "def generate():\n",
    "    for x in range(10):\n",
    "        yield x\n",
    "a38 = np.fromiter(generate(),dtype=float,count=-1)\n",
    "print(\"38:\\n\",a38)\n",
    "\n",
    "#39. 0より大、１より小のサイズ10のrangingベクトルを作る\n",
    "# 自分の回答\n",
    "a39 = np.linspace(0,1,12)[1:-1]\n",
    "# 模範回答 : endpointオプション\n",
    "a39 = np.linspace(0,1,11,endpoint=False)[1:]\n",
    "print(\"39:\\n\",a39)\n",
    "\n",
    "# 40. サイズ10のランダム配列を作ってsortする\n",
    "print(\"40:\")\n",
    "a = np.random.random(10)\n",
    "print(a)\n",
    "a.sort()\n",
    "print(a)"
   ]
  },
  {
   "cell_type": "code",
   "execution_count": 300,
   "metadata": {},
   "outputs": [
    {
     "name": "stdout",
     "output_type": "stream",
     "text": [
      "41:\n",
      "4950\n",
      "42:\n",
      "[1 0] [1 1]\n",
      "False\n",
      "False\n",
      "44:\n",
      " [[ 0.54414931  0.02466314]\n",
      " [ 0.95336779  1.01449172]\n",
      " [ 0.81330035  0.05810492]\n",
      " [ 0.83047189  0.41162947]\n",
      " [ 0.73405429  0.76321812]\n",
      " [ 0.82535396  1.17736737]\n",
      " [ 0.29751909  1.40374262]\n",
      " [ 0.98727458  0.06481007]\n",
      " [ 0.98852828  0.75045656]\n",
      " [ 0.63889285  0.40355561]]\n",
      "45:\n",
      " [ 0.73523658  0.74313153  0.55629703  0.27443126  0.33492972  0.29801676\n",
      "  0.2071832   0.80891655  0.85658349  0.19785022]\n",
      "[ 0.73523658  0.74313153  0.55629703  0.27443126  0.33492972  0.29801676\n",
      "  0.2071832   0.80891655  0.          0.19785022]\n",
      "46:\n",
      " [[(0.0, 0.0) (0.25, 0.0) (0.5, 0.0) (0.75, 0.0) (1.0, 0.0)]\n",
      " [(0.0, 0.25) (0.25, 0.25) (0.5, 0.25) (0.75, 0.25) (1.0, 0.25)]\n",
      " [(0.0, 0.5) (0.25, 0.5) (0.5, 0.5) (0.75, 0.5) (1.0, 0.5)]\n",
      " [(0.0, 0.75) (0.25, 0.75) (0.5, 0.75) (0.75, 0.75) (1.0, 0.75)]\n",
      " [(0.0, 1.0) (0.25, 1.0) (0.5, 1.0) (0.75, 1.0) (1.0, 1.0)]]\n",
      "47:\n",
      " [[ 10.          -1.11111111  -0.52631579  -0.34482759]\n",
      " [  0.90909091  10.          -1.11111111  -0.52631579]\n",
      " [  0.47619048   0.90909091  10.          -1.11111111]\n",
      " [  0.32258065   0.47619048   0.90909091  10.        ]]\n",
      "<class 'numpy.int8'> min : -128\n",
      "<class 'numpy.int8'> max : 127\n",
      "<class 'numpy.int32'> min : -2147483648\n",
      "<class 'numpy.int32'> max : 2147483647\n",
      "<class 'numpy.int64'> min : -9223372036854775808\n",
      "<class 'numpy.int64'> max : 9223372036854775807\n",
      "<class 'numpy.float32'> min : -3.4028234663852886e+38\n",
      "<class 'numpy.float32'> max : 3.4028234663852886e+38\n",
      "<class 'numpy.float32'> eps : 1.1920928955078125e-07\n",
      "<class 'numpy.float64'> min : -1.7976931348623157e+308\n",
      "<class 'numpy.float64'> max : 1.7976931348623157e+308\n",
      "<class 'numpy.float64'> eps : 2.220446049250313e-16\n",
      "A49:\n",
      " [[ 0.  0.  0.  0.  0.  0.  0.  0.  0.  0.  0.  0.  0.  0.  0.  0.]\n",
      " [ 0.  0.  0.  0.  0.  0.  0.  0.  0.  0.  0.  0.  0.  0.  0.  0.]\n",
      " [ 0.  0.  0.  0.  0.  0.  0.  0.  0.  0.  0.  0.  0.  0.  0.  0.]\n",
      " [ 0.  0.  0.  0.  0.  0.  0.  0.  0.  0.  0.  0.  0.  0.  0.  0.]\n",
      " [ 0.  0.  0.  0.  0.  0.  0.  0.  0.  0.  0.  0.  0.  0.  0.  0.]\n",
      " [ 0.  0.  0.  0.  0.  0.  0.  0.  0.  0.  0.  0.  0.  0.  0.  0.]\n",
      " [ 0.  0.  0.  0.  0.  0.  0.  0.  0.  0.  0.  0.  0.  0.  0.  0.]\n",
      " [ 0.  0.  0.  0.  0.  0.  0.  0.  0.  0.  0.  0.  0.  0.  0.  0.]\n",
      " [ 0.  0.  0.  0.  0.  0.  0.  0.  0.  0.  0.  0.  0.  0.  0.  0.]\n",
      " [ 0.  0.  0.  0.  0.  0.  0.  0.  0.  0.  0.  0.  0.  0.  0.  0.]\n",
      " [ 0.  0.  0.  0.  0.  0.  0.  0.  0.  0.  0.  0.  0.  0.  0.  0.]\n",
      " [ 0.  0.  0.  0.  0.  0.  0.  0.  0.  0.  0.  0.  0.  0.  0.  0.]\n",
      " [ 0.  0.  0.  0.  0.  0.  0.  0.  0.  0.  0.  0.  0.  0.  0.  0.]\n",
      " [ 0.  0.  0.  0.  0.  0.  0.  0.  0.  0.  0.  0.  0.  0.  0.  0.]\n",
      " [ 0.  0.  0.  0.  0.  0.  0.  0.  0.  0.  0.  0.  0.  0.  0.  0.]\n",
      " [ 0.  0.  0.  0.  0.  0.  0.  0.  0.  0.  0.  0.  0.  0.  0.  0.]]\n",
      "50:\n",
      " [ 2.5066437   8.86482803  6.49475733  3.22528971  8.37355731  6.47167158\n",
      "  3.11462569  5.25151275  1.57036607  9.69787792  9.69739878  8.04219769\n",
      "  3.63416096  3.07712384  2.13375773  5.3777459   4.97272637  7.80319231\n",
      "  9.32534005  4.95411551  9.23933329  0.25950082  0.86750167  4.33812152\n",
      "  1.58832064  8.58356461  9.77025723  1.07780273  3.17044333  0.91198148]\n",
      "3.07712383507\n",
      "51:\n",
      " [((0.0, 0.0, 0.0), (0.0, 0.0, 0.0)) ((0.0, 0.0, 0.0), (0.0, 0.0, 0.0))\n",
      " ((0.0, 0.0, 0.0), (0.0, 0.0, 0.0)) ((0.0, 0.0, 0.0), (0.0, 0.0, 0.0))\n",
      " ((0.0, 0.0, 0.0), (0.0, 0.0, 0.0)) ((0.0, 0.0, 0.0), (0.0, 0.0, 0.0))\n",
      " ((0.0, 0.0, 0.0), (0.0, 0.0, 0.0)) ((0.0, 0.0, 0.0), (0.0, 0.0, 0.0))\n",
      " ((0.0, 0.0, 0.0), (0.0, 0.0, 0.0)) ((0.0, 0.0, 0.0), (0.0, 0.0, 0.0))]\n",
      "[[ 0.          0.24643639  0.66763255  0.4040913   0.41168203  0.17843595\n",
      "   0.52286492  0.50836026  0.68521055  0.50098155]\n",
      " [ 0.24643639  0.          0.42120951  0.27194152  0.21733206  0.3204905\n",
      "   0.5328427   0.46787675  0.59821817  0.73217248]\n",
      " [ 0.66763255  0.42120951  0.          0.44670558  0.34853621  0.71204629\n",
      "   0.75991533  0.66160271  0.66464699  1.14114768]\n",
      " [ 0.4040913   0.27194152  0.44670558  0.          0.44859002  0.549401\n",
      "   0.31961609  0.7385182   0.32670613  0.76178902]\n",
      " [ 0.41168203  0.21733206  0.34853621  0.44859002  0.          0.39183321\n",
      "   0.74144314  0.33332168  0.76744869  0.91263417]\n",
      " [ 0.17843595  0.3204905   0.71204629  0.549401    0.39183321  0.\n",
      "   0.70087058  0.36535932  0.85124937  0.58158499]\n",
      " [ 0.52286492  0.5328427   0.75991533  0.31961609  0.74144314  0.70087058\n",
      "   0.          0.98399847  0.25939807  0.63444851]\n",
      " [ 0.50836026  0.46787675  0.66160271  0.7385182   0.33332168  0.36535932\n",
      "   0.98399847  0.          1.065224    0.94314443]\n",
      " [ 0.68521055  0.59821817  0.66464699  0.32670613  0.76744869  0.85124937\n",
      "   0.25939807  1.065224    0.          0.89016173]\n",
      " [ 0.50098155  0.73217248  1.14114768  0.76178902  0.91263417  0.58158499\n",
      "   0.63444851  0.94314443  0.89016173  0.        ]]\n"
     ]
    }
   ],
   "source": [
    "# 41. 小さい行列をnp.sumより早く計算する方法は？\n",
    "# add.reduceを使う\n",
    "print(\"41:\")\n",
    "a41 = np.arange(100)\n",
    "print(np.add.reduce(a41))\n",
    "#42. 2つのランダムベクトルが等しいかどうかを判定する\n",
    "print(\"42:\")\n",
    "A42 = np.random.randint(0,2,2)\n",
    "B42 = np.random.randint(0,2,2)\n",
    "print(A42,B42)\n",
    "# Assuming identical shape of the arrays and a tolerance for the comparison of values\n",
    "equal = np.allclose(A42,B42)\n",
    "print(equal)\n",
    "# Checking both the shape and the element values, no tolerance (values have to be exactly equal)\n",
    "equal = np.array_equal(A42,B42)\n",
    "print(equal)\n",
    "\n",
    "# 43. 配列をimmutable(read-only)にする\n",
    "# writeable\n",
    "a43 = np.zeros(10)\n",
    "a43.flags.writeable = False\n",
    "# a43[0] = 1 エラーが出る\n",
    "\n",
    "# 44. 直交座標の10×2の行列を極座標変換\n",
    "a44 = np.random.random((10,2))\n",
    "x,y = a44[:,0], a44[:,1]\n",
    "r = np.sqrt(x**2+y**2)\n",
    "theta = np.arctan(y/x)\n",
    "print(\"44:\\n\",np.vstack((r,theta)).T)\n",
    "\n",
    "# 45. サイズ10のベクトルを作って最大値を0に変換\n",
    "a45 = np.random.random(10)\n",
    "print(\"45:\\n\",a45)\n",
    "a45[a45.argmax()] = 0\n",
    "print(a45)\n",
    "\n",
    "# 46. x,y座標を[0,1]×[0,1]領域に変換したstructured arrayを作る\n",
    "# meshgridと、keyを持たせる方法\n",
    "# https://deepage.net/features/numpy-meshgrid.html\n",
    "A46 = np.zeros((5,5), [('x',float),('y',float)])\n",
    "A46['x'], A46['y'] = np.meshgrid(np.linspace(0,1,5),\n",
    "                             np.linspace(0,1,5))\n",
    "print(\"46:\\n\",A46)\n",
    "\n",
    "# 47. 2つのベクトルを用いてコーシー配列(Cij =1/(xi - yj))を作れ\n",
    "# https://docs.scipy.org/doc/numpy-1.13.0/reference/generated/numpy.ufunc.outer.html\n",
    "x = np.arange(1,5)+0.1\n",
    "y = np.arange(1,5)\n",
    "# ダメ C = 1.0 / (x-y)\n",
    "C = 1.0 / np.subtract.outer(x, y)\n",
    "print(\"47:\\n\",C)\n",
    "\n",
    "# 48. それぞれのnumpy scalar typeでの最小、最大値をprintする\n",
    "# int typeの違い\n",
    "inttypes = [np.int8, np.int32, np.int64]\n",
    "floattypes = [np.float32, np.float64]\n",
    "# 計算機epsilon https://ja.wikipedia.org/wiki/%E8%A8%88%E7%AE%97%E6%A9%9F%E3%82%A4%E3%83%97%E3%82%B7%E3%83%AD%E3%83%B3\n",
    "for dtype in inttypes:\n",
    "    print(\"{} min : {}\".format(dtype,np.iinfo(dtype).min))\n",
    "    print(\"{} max : {}\".format(dtype,np.iinfo(dtype).max))\n",
    "for dtype in floattypes:\n",
    "    print(\"{} min : {}\".format(dtype,np.finfo(dtype).min))\n",
    "    print(\"{} max : {}\".format(dtype,np.finfo(dtype).max))\n",
    "    print(\"{} eps : {}\".format(dtype,np.finfo(dtype).eps))\n",
    "    \n",
    "# 49. 配列の全ての値を省略せずにプリントする\n",
    "# printoptionsの利用 https://docs.scipy.org/doc/numpy-1.13.0/reference/generated/numpy.set_printoptions.html\n",
    "np.set_printoptions(threshold=np.nan)\n",
    "A49 = np.zeros((16,16))\n",
    "print(\"A49:\\n\",A49)"
   ]
  },
  {
   "cell_type": "code",
   "execution_count": 369,
   "metadata": {},
   "outputs": [
    {
     "name": "stdout",
     "output_type": "stream",
     "text": [
      "50:\n",
      " [ 4.16137626  8.00011802  0.37452151  4.48251317  9.59850527  7.22191011\n",
      "  6.78959842  5.16099055  7.51769683  4.61913486  9.09240623  7.34474354\n",
      "  7.89478829  7.46509129  5.26764795  0.85136358  4.40700183  5.09933914\n",
      "  1.07700298  5.75686635  4.06709496  5.87563881  5.98861015  1.05394858\n",
      "  6.25655182  3.60596326  5.28338047  7.54686264  6.73301092  3.1450267 ]\n",
      "3.14502670107\n",
      "51:\n",
      " [((0.0, 0.0, 0.0), (0.0, 0.0, 0.0)) ((0.0, 0.0, 0.0), (0.0, 0.0, 0.0))\n",
      " ((0.0, 0.0, 0.0), (0.0, 0.0, 0.0)) ((0.0, 0.0, 0.0), (0.0, 0.0, 0.0))\n",
      " ((0.0, 0.0, 0.0), (0.0, 0.0, 0.0)) ((0.0, 0.0, 0.0), (0.0, 0.0, 0.0))\n",
      " ((0.0, 0.0, 0.0), (0.0, 0.0, 0.0)) ((0.0, 0.0, 0.0), (0.0, 0.0, 0.0))\n",
      " ((0.0, 0.0, 0.0), (0.0, 0.0, 0.0)) ((0.0, 0.0, 0.0), (0.0, 0.0, 0.0))]\n",
      "52:\n",
      " [[ 0.          0.59671401  0.49014599  0.27081722  0.62455669  0.45638502\n",
      "   0.57072376  0.38490642  0.50973025  0.76700968]\n",
      " [ 0.59671401  0.          0.20282351  0.74168089  0.72016588  0.9057764\n",
      "   0.34498348  0.76270755  0.94269902  0.84856851]\n",
      " [ 0.49014599  0.20282351  0.          0.57453189  0.79788329  0.87894747\n",
      "   0.47592597  0.57589999  0.92380897  0.93984805]\n",
      " [ 0.27081722  0.74168089  0.57453189  0.          0.8948776   0.66379477\n",
      "   0.80992013  0.13316778  0.71823633  1.03600144]\n",
      " [ 0.62455669  0.72016588  0.79788329  0.8948776   0.          0.44836736\n",
      "   0.39192263  1.00710907  0.44169336  0.1488958 ]\n",
      " [ 0.45638502  0.9057764   0.87894747  0.66379477  0.44836736  0.\n",
      "   0.69093895  0.79636999  0.05463454  0.52743348]\n",
      " [ 0.57072376  0.34498348  0.47592597  0.80992013  0.39192263  0.69093895\n",
      "   0.          0.88264399  0.71287265  0.50856954]\n",
      " [ 0.38490642  0.76270755  0.57589999  0.13316778  1.00710907  0.79636999\n",
      "   0.88264399  0.          0.85087858  1.15113595]\n",
      " [ 0.50973025  0.94269902  0.92380897  0.71823633  0.44169336  0.05463454\n",
      "   0.71287265  0.85087858  0.          0.50640614]\n",
      " [ 0.76700968  0.84856851  0.93984805  1.03600144  0.1488958   0.52743348\n",
      "   0.50856954  1.15113595  0.50640614  0.        ]]\n",
      "52 mohan:\n",
      " [[ 0.          0.59671401  0.49014599  0.27081722  0.62455669  0.45638502\n",
      "   0.57072376  0.38490642  0.50973025  0.76700968]\n",
      " [ 0.59671401  0.          0.20282351  0.74168089  0.72016588  0.9057764\n",
      "   0.34498348  0.76270755  0.94269902  0.84856851]\n",
      " [ 0.49014599  0.20282351  0.          0.57453189  0.79788329  0.87894747\n",
      "   0.47592597  0.57589999  0.92380897  0.93984805]\n",
      " [ 0.27081722  0.74168089  0.57453189  0.          0.8948776   0.66379477\n",
      "   0.80992013  0.13316778  0.71823633  1.03600144]\n",
      " [ 0.62455669  0.72016588  0.79788329  0.8948776   0.          0.44836736\n",
      "   0.39192263  1.00710907  0.44169336  0.1488958 ]\n",
      " [ 0.45638502  0.9057764   0.87894747  0.66379477  0.44836736  0.\n",
      "   0.69093895  0.79636999  0.05463454  0.52743348]\n",
      " [ 0.57072376  0.34498348  0.47592597  0.80992013  0.39192263  0.69093895\n",
      "   0.          0.88264399  0.71287265  0.50856954]\n",
      " [ 0.38490642  0.76270755  0.57589999  0.13316778  1.00710907  0.79636999\n",
      "   0.88264399  0.          0.85087858  1.15113595]\n",
      " [ 0.50973025  0.94269902  0.92380897  0.71823633  0.44169336  0.05463454\n",
      "   0.71287265  0.85087858  0.          0.50640614]\n",
      " [ 0.76700968  0.84856851  0.93984805  1.03600144  0.1488958   0.52743348\n",
      "   0.50856954  1.15113595  0.50640614  0.        ]]\n",
      "53:\n",
      " [0 1 2 3 4 5 6 7 8 9]\n",
      "55:\n",
      " [[0 1 2]\n",
      " [3 4 5]\n",
      " [6 7 8]]\n",
      "(0, 0) 0\n",
      "(0, 1) 1\n",
      "(0, 2) 2\n",
      "(1, 0) 3\n",
      "(1, 1) 4\n",
      "(1, 2) 5\n",
      "(2, 0) 6\n",
      "(2, 1) 7\n",
      "(2, 2) 8\n",
      "(0, 0) 0\n",
      "(0, 1) 1\n",
      "(0, 2) 2\n",
      "(1, 0) 3\n",
      "(1, 1) 4\n",
      "(1, 2) 5\n",
      "(2, 0) 6\n",
      "(2, 1) 7\n",
      "(2, 2) 8\n",
      "56:\n",
      " [[ 0.36787944  0.50661699  0.59452055  0.59452055  0.50661699  0.36787944]\n",
      " [ 0.50661699  0.69767633  0.81873075  0.81873075  0.69767633  0.50661699]\n",
      " [ 0.59452055  0.81873075  0.96078944  0.96078944  0.81873075  0.59452055]\n",
      " [ 0.59452055  0.81873075  0.96078944  0.96078944  0.81873075  0.59452055]\n",
      " [ 0.50661699  0.69767633  0.81873075  0.81873075  0.69767633  0.50661699]\n",
      " [ 0.36787944  0.50661699  0.59452055  0.59452055  0.50661699  0.36787944]]\n",
      "57:\n",
      " [[ 0.  0.  0.  0.  0.  0.  1.  0.  0.  0.]\n",
      " [ 0.  1.  0.  0.  0.  0.  0.  0.  0.  0.]\n",
      " [ 0.  0.  0.  0.  0.  0.  0.  0.  0.  0.]\n",
      " [ 0.  0.  0.  0.  0.  0.  0.  0.  0.  0.]\n",
      " [ 0.  0.  0.  0.  0.  0.  0.  0.  0.  0.]\n",
      " [ 0.  0.  0.  0.  0.  1.  0.  0.  0.  0.]\n",
      " [ 0.  0.  0.  0.  1.  0.  0.  0.  0.  0.]\n",
      " [ 0.  0.  0.  0.  0.  1.  0.  0.  0.  0.]\n",
      " [ 0.  0.  0.  0.  0.  0.  0.  1.  0.  0.]\n",
      " [ 1.  0.  1.  0.  1.  0.  0.  1.  0.  0.]]\n",
      "58:\n",
      " [[-1.5 -0.5  0.5  1.5]\n",
      " [-1.5 -0.5  0.5  1.5]\n",
      " [-1.5 -0.5  0.5  1.5]\n",
      " [-1.5 -0.5  0.5  1.5]]\n",
      "59:\n",
      " [[ 0.45227497  0.57929177  0.93625411  0.71508793]\n",
      " [ 0.76733074  0.38795693  0.23620867  0.60850661]\n",
      " [ 0.37719372  0.42534861  0.76061708  0.07490575]\n",
      " [ 0.6565256   0.87268882  0.33056563  0.30858035]]\n",
      "[1 3 2 0]\n"
     ]
    }
   ],
   "source": [
    "# 50. ベクトル内の与えられたvalueの中で最も近い値を出力\n",
    "value = 3\n",
    "a50 = np.random.random(30)*10\n",
    "print(\"50:\\n\",a50)  \n",
    "print(a50[np.abs(a50-value).argmin()])\n",
    "\n",
    "# 51. 位置座標とcolorのRGBが保存されたstructured arrayを作る\n",
    "A51 = np.zeros(10, [(\"coordinate\",[(\"x\",float),(\"y\",float),(\"z\",float)]),\n",
    "                    (\"color\",[(\"r\",float),(\"g\",float),(\"b\",float)])])\n",
    "print(\"51:\\n\",A51)\n",
    "\n",
    "# 52. 10×2のランダム行列を作って、点同士の距離を求める\n",
    "# 自分の回答\n",
    "A52 = np.random.random((10,2))\n",
    "def dist(v1, v2):\n",
    "    return np.sqrt((v1[0]-v2[0])**2+(v1[1]-v2[1])**2)\n",
    "D52 = np.zeros((len(A52),len(A52)))\n",
    "for i in range(len(A52)):\n",
    "    for j in range(len(A52)):\n",
    "        D52[i][j] = dist(A52[i],A52[j])\n",
    "print(\"52:\\n\",D52)\n",
    "# 模範解答\n",
    "X,Y = np.atleast_2d(A52[:,0], A52[:,1])\n",
    "D52 = np.sqrt( (X-X.T)**2 + (Y-Y.T)**2)\n",
    "print(\"52 mohan:\\n\",D52)\n",
    "\n",
    "# 53. float32の行列をint32の行列に変換\n",
    "a53 = np.arange(10, dtype=np.float32)\n",
    "a53 = a53.astype(np.int32, copy=False)\n",
    "print(\"53:\\n\",a53)\n",
    "\n",
    "# 54. どうやってファイルを配列に変換する？\n",
    "# pandasで良くない？\n",
    "from io import StringIO\n",
    "# Fake file \n",
    "s = StringIO(\"\"\"1, 2, 3, 4, 5\\n\n",
    "                6,  ,  , 7, 8\\n\n",
    "                 ,  , 9,10,11\\n\"\"\")\n",
    "# Z = np.genfromtxt(s, delimiter=\",\", dtype=np.int)\n",
    "\n",
    "# 55. numpyの配列のenumerateと同等の表現は？\n",
    "# ndenumerate, ndindex\n",
    "A55 = np.arange(9).reshape(3,3)\n",
    "print(\"55:\\n\",A55)\n",
    "for index, value in np.ndenumerate(A55):\n",
    "    print(index, value)\n",
    "for index in np.ndindex(A55.shape):\n",
    "    print(index, A55[index])\n",
    "    \n",
    "# 56. 2DのGaussian-like arrayを生成する\n",
    "X, Y = np.meshgrid(np.linspace(-1,1,6),np.linspace(-1,1,6))\n",
    "D= np.sqrt(X**2+Y**2)\n",
    "sigma, mu = 1.0, 0\n",
    "G56 = np.exp(-((D-mu)**2)/2*sigma**2)\n",
    "print(\"56:\\n\",G56)\n",
    "\n",
    "# 57. 2次元配列にランダムにp個、値を埋め込む\n",
    "# np.putとnp.random.choice\n",
    "p = 10\n",
    "A57 = np.zeros((10,10))\n",
    "np.put(A57, np.random.choice(range(n*n), p, replace=False),1)\n",
    "print(\"57:\\n\",A57)\n",
    "\n",
    "# 58. 行列の各行に対し、その行の平均を引いていく\n",
    "A58 = np.arange(16).reshape(4,4)\n",
    "print(\"58:\\n\",A58-A58.mean(axis=1,keepdims=True))\n",
    "\n",
    "# 59. n列目のcolomunをソート\n",
    "n59 = 2\n",
    "A59 = np.random.random((4,4))\n",
    "print(\"59:\\n\",A59)\n",
    "print(A59[:,n59].argsort())"
   ]
  },
  {
   "cell_type": "code",
   "execution_count": 385,
   "metadata": {},
   "outputs": [
    {
     "name": "stdout",
     "output_type": "stream",
     "text": [
      "60:\n",
      "[[0 1 2 2 2]\n",
      " [1 1 1 1 0]\n",
      " [2 1 1 1 2]\n",
      " [2 0 0 0 1]\n",
      " [1 2 0 2 2]]\n",
      "False\n",
      "62:\n",
      "[[0 1 2]\n",
      " [1 2 3]\n",
      " [2 3 4]]\n",
      "A63:\n",
      " range_10 [0 1 2 3 4 5 6 7 8 9]\n"
     ]
    }
   ],
   "source": [
    "# 60. 2D arrayにnullがあるかどうかを判定する\n",
    "# any https://docs.scipy.org/doc/numpy-1.13.0/reference/generated/numpy.any.html\n",
    "A60 = np.random.randint(0,3,(5,5))\n",
    "print(\"60:\")\n",
    "print(A60)\n",
    "print((~A60.any(axis=0)).any())\n",
    "# 61. 指定の値に最も近い値を見つける\n",
    "# 50と一緒\n",
    "\n",
    "# 62. イテレータを使って1×3行列と3×1行列のsumを計算\n",
    "print(\"62:\")\n",
    "A62 = np.arange(3).reshape(3,1)\n",
    "B62 = np.arange(3).reshape(1,3)\n",
    "it = np.nditer([A,B,None])\n",
    "for x,y,z in it: z[...] = x + y\n",
    "print(it.operands[2])\n",
    "\n",
    "# 63, 名前の属性を付与したarrayクラスをつくる\n",
    "class NamedArray(np.ndarray):\n",
    "    def __new__(cls, array, name=\"no name\"):\n",
    "        obj = np.asarray(array).view(cls)\n",
    "        obj.name = name\n",
    "        return obj\n",
    "    def __array_finalize__(self, obj):\n",
    "        if obj is None: return\n",
    "        self.info = getattr(obj, 'name', \"no name\")\n",
    "A63 = NamedArray(np.arange(10), \"range_10\")\n",
    "print (\"A63:\\n\",A63.name,A63)"
   ]
  },
  {
   "cell_type": "code",
   "execution_count": null,
   "metadata": {},
   "outputs": [],
   "source": []
  }
 ],
 "metadata": {
  "anaconda-cloud": {},
  "kernelspec": {
   "display_name": "Python [conda root]",
   "language": "python",
   "name": "conda-root-py"
  },
  "language_info": {
   "codemirror_mode": {
    "name": "ipython",
    "version": 3
   },
   "file_extension": ".py",
   "mimetype": "text/x-python",
   "name": "python",
   "nbconvert_exporter": "python",
   "pygments_lexer": "ipython3",
   "version": "3.5.2"
  }
 },
 "nbformat": 4,
 "nbformat_minor": 2
}
